    80.62891      3.30868      0.12993     11.93572      0.46875      0.54949      0.69027     20.71550      0.33883    997.94922      0.40187      9.84504      0.12930     20.58053      0.33993    997.97766      0.40186      9.87852      0.13002  11698.71191    562.43903     16.00000      2.00000     36.54999      3.26470 
    80.62891      3.30868      0.12993     11.93572      0.46875      0.54949      0.69027     20.71550      0.33883    997.94922      0.40187      9.84504      0.12930     20.58053      0.33993    997.97766      0.40186      9.87852      0.13002  11698.71191    562.43903     16.00000      2.00000     36.54999      3.26470 
    86.07031      3.30316      0.13017     11.91575      0.46961      0.54684      0.69027     20.68984      0.33878    997.95459      0.40186      9.85139      0.12940     20.59981      0.34002    997.97363      0.40186      9.87372      0.12996  11671.67969    562.46075     16.00000      2.00000     36.30499      3.26633 
    91.55859      3.29906      0.13026     11.90103      0.46994      0.54609      0.69027     20.71797      0.33886    997.94867      0.40187      9.84443      0.12930     20.58153      0.33987    997.97748      0.40185      9.87827      0.13001  11665.43066    562.88409     16.00000      2.00000     36.37026      3.26685 
    97.05078      3.30751      0.13000     11.93158      0.46898      0.54522      0.69027     20.74462      0.33887    997.94299      0.40188      9.83784      0.12919     20.57362      0.33995    997.97913      0.40185      9.88024      0.13005  11703.14160    562.96552     16.00000      2.00000     36.35821      3.26475 
   102.49219      3.30463      0.13021     11.92114      0.46974      0.54784      0.69027     20.71846      0.33890    997.94855      0.40187      9.84431      0.12930     20.52074      0.34005    997.99023      0.40184      9.89340      0.13028  11685.28223    563.05054     16.00000      2.00000     36.40339      3.26471 
   107.98047      3.30542      0.13012     11.92399      0.46942      0.54729      0.69027     20.71797      0.33890    997.94867      0.40187      9.84443      0.12930     20.51629      0.33988    997.99121      0.40184      9.89451      0.13027  11687.93359    562.83588     16.00000      2.00000     36.50280      3.26487 
   113.42188      3.30778      0.12998     11.93250      0.46890      0.54579      0.69027     20.72340      0.33880    997.94751      0.40187      9.84308      0.12927     20.51333      0.33991    997.99182      0.40184      9.89525      0.13029  11697.86328    562.62109     16.00000      2.00000     36.38332      3.26480 
   118.91016      3.30855      0.12991     11.93528      0.46867      0.54693      0.69027     20.72982      0.33885    997.94617      0.40187      9.84150      0.12925     20.52816      0.33992    997.98871      0.40184      9.89156      0.13023  11702.45703    562.56549     16.00000      2.00000     36.45862      3.26480 
   124.39844      3.31208      0.12988     11.94789      0.46854      0.54772      0.69027     20.67059      0.33891    997.95868      0.40186      9.85616      0.12949     20.51877      0.33984    997.99066      0.40184      9.89390      0.13026  11697.54102    561.84882     16.00000      2.00000     36.45661      3.26496 
   129.83984      3.31639      0.12980     11.96348      0.46827      0.54684      0.69027     20.69675      0.33884    997.95319      0.40187      9.84968      0.12938     20.52025      0.33983    997.99036      0.40184      9.89353      0.13025  11720.44043    562.23376     16.00000      2.00000     36.51083      3.26492 
   135.33203      3.31112      0.12986     11.94440      0.46847      0.54790      0.69027     20.66566      0.33889    997.95972      0.40186      9.85738      0.12951     20.50592      0.33978    997.99335      0.40183      9.89710      0.13030  11692.68652    561.67432     16.00000      2.00000     36.59316      3.26524 
   140.76953      3.32073      0.12955     11.97914      0.46736      0.54735      0.69027     20.70119      0.33880    997.95221      0.40187      9.84858      0.12936     20.48664      0.34000    997.99744      0.40183      9.90191      0.13041  11737.08789    561.81317     16.00000      2.00000     36.56505      3.26519 
   146.26172      3.32483      0.12943     11.99391      0.46692      0.54753      0.69027     20.68639      0.33876    997.95532      0.40186      9.85225      0.12941     20.48121      0.33986    997.99854      0.40183      9.90327      0.13041  11747.22363    561.48871     16.00000      2.00000     36.68554      3.26463 
   151.69922      3.31446      0.12977     11.95647      0.46814      0.54799      0.69027     20.66911      0.33889    997.95898      0.40186      9.85652      0.12950     20.49356      0.33996    997.99597      0.40183      9.90018      0.13038  11705.51270    561.64124     16.00000      2.00000     36.65843      3.26523 
   157.19141      3.32235      0.12952     11.98480      0.46724      0.54817      0.69027     20.62716      0.33887    997.96783      0.40185      9.86693      0.12966     20.43822      0.33998    998.00757      0.40182      9.91401      0.13061  11720.97949    560.79498     16.00000      2.00000     36.59116      3.26570 
   162.69141      3.30710      0.12995     11.92982      0.46881      0.54871      0.69027     20.63851      0.33880    997.96545      0.40185      9.86411      0.12961     20.43229      0.33996    998.00879      0.40182      9.91549      0.13063  11670.50684    561.33679     16.00000      2.00000     36.46264      3.26570 
   168.12109      3.30530      0.13019     11.92331      0.46967      0.54817      0.69027     20.62321      0.33870    997.96869      0.40185      9.86791      0.12965     20.45551      0.33984    998.00391      0.40182      9.90968      0.13051  11659.68945    561.70630     16.00000      2.00000     36.41946      3.26445 
   173.62109      3.31078      0.12978     11.94306      0.46818      0.54850      0.69027     20.61976      0.33899    997.96942      0.40185      9.86877      0.12971     20.46441      0.33988    998.00208      0.40183      9.90746      0.13048  11677.99902    560.78931     16.00000      2.00000     36.60522      3.26463 
   179.10938      3.31057      0.12997     11.94224      0.46886      0.54519      0.69027     20.59558      0.33888    997.97449      0.40184      9.87478      0.12979     20.47528      0.33993    997.99982      0.40183      9.90475      0.13045  11670.15625    560.98016     16.00000      2.00000     36.47669      3.26531 
   184.55078      3.31347      0.12979     11.95270      0.46823      0.54591      0.69027     20.59360      0.33866    997.97491      0.40184      9.87527      0.12976     20.50443      0.33985    997.99365      0.40184      9.89747      0.13032  11679.79590    560.60596     16.00000      2.00000     36.41946      3.26571 
   190.03906      3.30858      0.13000     11.93512      0.46898      0.54781      0.69027     20.62124      0.33890    997.96912      0.40185      9.86840      0.12969     20.50197      0.33989    997.99420      0.40184      9.89809      0.13033  11670.66699    561.32587     16.00000      2.00000     36.30198      3.26525 
   195.48047      3.29719      0.13038     11.89407      0.47035      0.54769      0.69027     20.63210      0.33881    997.96680      0.40185      9.86571      0.12963     20.50345      0.33997    997.99390      0.40184      9.89772      0.13034  11633.67188    561.92603     16.00000      2.00000     36.36524      3.26479 
   200.96875      3.30193      0.13019     11.91119      0.46965      0.54690      0.69027     20.64641      0.33885    997.96381      0.40185      9.86215      0.12958     20.48813      0.33990    997.99707      0.40183      9.90154      0.13039  11654.57813    561.83167     16.00000      2.00000     36.51786      3.26483 
   206.41016      3.30739      0.12993     11.93077      0.46874      0.54979      0.69027     20.60051      0.33862    997.97345      0.40184      9.87355      0.12973     20.51629      0.33996    997.99121      0.40184      9.89451      0.13029  11660.37305    560.76086     16.00000      2.00000     36.42850      3.26517 
   211.89844      3.29763      0.13034     11.89554      0.47019      0.54892      0.69027     20.58916      0.33874    997.97589      0.40184      9.87637      0.12979     20.46638      0.33996    998.00165      0.40183      9.90697      0.13049  11622.65527    561.22534     16.00000      2.00000     36.50180      3.26462 
   217.39063      3.29726      0.13037     11.89423      0.47030      0.54702      0.69027     20.59064      0.33867    997.97552      0.40184      9.87600      0.12978     20.44365      0.33992    998.00641      0.40182      9.91265      0.13057  11621.79785    561.30591     16.00000      2.00000     36.35018      3.26477 
   222.83203      3.30958      0.12998     11.93873      0.46890      0.54618      0.69027     20.62765      0.33871    997.96777      0.40185      9.86681      0.12964     20.48813      0.33985    997.99707      0.40183      9.90154      0.13038  11676.06641    561.39569     16.00000      2.00000     36.52589      3.26473 
   228.32031      3.29918      0.13036     11.90124      0.47029      0.54790      0.69027     20.62963      0.33886    997.96735      0.40185      9.86632      0.12965     20.48368      0.33985    997.99805      0.40183      9.90265      0.13040  11639.97363    561.95160     16.00000      2.00000     36.30901      3.26535 
   233.82031      3.31153      0.12984     11.94579      0.46841      0.54775      0.69027     20.63308      0.33875    997.96661      0.40185      9.86546      0.12962     20.49406      0.33980    997.99585      0.40183      9.90006      0.13035  11684.54785    561.18695     16.00000      2.00000     36.57007      3.26472 
   239.30859      3.30232      0.13016     11.91253      0.46957      0.54612      0.69027     20.61087      0.33873    997.97131      0.40184      9.87098      0.12971     20.48368      0.33982    997.99805      0.40183      9.90265      0.13040  11645.56641    561.28772     16.00000      2.00000     36.46665      3.26538 
   244.75000      3.30620      0.13013     11.92647      0.46943      0.54660      0.69027     20.59015      0.33869    997.97565      0.40184      9.87613      0.12978     20.52123      0.33978    997.99017      0.40184      9.89328      0.13024  11653.16113    561.10883     16.00000      2.00000     36.39637      3.26491 
   250.24219      3.30760      0.13003     11.93147      0.46910      0.54603      0.69027     20.57238      0.33866    997.97937      0.40183      9.88054      0.12985     20.50098      0.33998    997.99438      0.40184      9.89833      0.13035  11652.87402    560.67297     16.00000      2.00000     36.53894      3.26531 
   255.73047      3.31509      0.12970     11.95849      0.46790      0.54738      0.69027     20.57929      0.33884    997.97797      0.40184      9.87883      0.12985     20.46342      0.33981    998.00226      0.40182      9.90771      0.13048  11681.28516    560.24512     16.00000      2.00000     36.57710      3.26519 
   261.17188      3.30646      0.13005     11.92735      0.46915      0.54817      0.69027     20.56349      0.33874    997.98126      0.40183      9.88276      0.12990     20.46688      0.33985    998.00153      0.40183      9.90685      0.13047  11646.27148    560.53107     16.00000      2.00000     36.61525      3.26485 
   266.66016      3.30291      0.13014     11.91452      0.46947      0.54579      0.69027     20.56744      0.33874    997.98041      0.40183      9.88177      0.12988     20.48912      0.34002    997.99689      0.40183      9.90129      0.13041  11634.89063    560.64453     16.00000      2.00000     36.33913      3.26505 
