    64.26172      4.40886      0.10109     15.90399      0.36473      0.67988      0.69027     20.56398      0.33873    997.98114      0.40183      9.88263      0.12990     20.38781      0.34001    998.01813      0.40181      9.92663      0.13082  15529.38477    558.89520     16.00000      2.00000     64.85094      3.26585 
    64.26172      4.40886      0.10109     15.90399      0.36473      0.67988      0.69027     20.56398      0.33873    997.98114      0.40183      9.88263      0.12990     20.38781      0.34001    998.01813      0.40181      9.92663      0.13082  15529.38477    558.89520     16.00000      2.00000     64.85094      3.26585 
    69.76172      4.42044      0.10090     15.94581      0.36404      0.67684      0.69027     20.57583      0.33876    997.97870      0.40184      9.87969      0.12985     20.37299      0.33990    998.02118      0.40180      9.93034      0.13086  15574.82520    559.50391     16.00000      2.00000     64.93829      3.26713 
    75.19141      4.40087      0.10121     15.87517      0.36515      0.67600      0.69027     20.56695      0.33878    997.98053      0.40183      9.88190      0.12989     20.43673      0.33989    998.00787      0.40182      9.91438      0.13060  15502.39453    558.60065     16.00000      2.00000     64.47542      3.26700 
    80.69141      4.39415      0.10137     15.85092      0.36574      0.67609      0.69027     20.56004      0.33869    997.98199      0.40183      9.88362      0.12990     20.40560      0.33995    998.01440      0.40181      9.92217      0.13073  15476.04492    558.36469     16.00000      2.00000     64.42421      3.26607 
    86.17969      4.39442      0.10137     15.85192      0.36571      0.67506      0.69027     20.56843      0.33872    997.98022      0.40183      9.88153      0.12988     20.42389      0.33990    998.01056      0.40182      9.91759      0.13065  15480.25684    558.48303     16.00000      2.00000     64.14407      3.26601 
    91.62109      4.38394      0.10149     15.81405      0.36616      0.67582      0.69027     20.54869      0.33874    997.98438      0.40183      9.88644      0.12996     20.44563      0.33998    998.00598      0.40182      9.91215      0.13058  15435.66309    557.70831     16.00000      2.00000     64.21938      3.26682 
    97.10938      4.38737      0.10144     15.82640      0.36596      0.67600      0.69027     20.53734      0.33874    997.98676      0.40183      9.88927      0.13000     20.41302      0.33988    998.01282      0.40181      9.92032      0.13069  15443.33594    557.69257     16.00000      2.00000     64.30171      3.26629 
   102.60156      4.38252      0.10152     15.80896      0.36627      0.67473      0.69027     20.55165      0.33890    997.98376      0.40183      9.88570      0.12997     20.40214      0.34003    998.01508      0.40181      9.92304      0.13076  15431.83496    557.72601     16.00000      2.00000     64.24649      3.26788 
   108.03906      4.39383      0.10138     15.84981      0.36575      0.67642      0.69027     20.57780      0.33888    997.97827      0.40184      9.87920      0.12986     20.42685      0.33996    998.00995      0.40182      9.91685      0.13065  15481.82715    558.60797     16.00000      2.00000     64.52461      3.26605 
   113.53125      4.39145      0.10146     15.84107      0.36604      0.67741      0.69027     20.52105      0.33890    997.99017      0.40182      9.89333      0.13009     20.44118      0.33996    998.00696      0.40182      9.91327      0.13059  15451.36426    557.83966     16.00000      2.00000     64.36396      3.26584 
   118.97266      4.40665      0.10113     15.89596      0.36485      0.67777      0.69027     20.53980      0.33875    997.98627      0.40183      9.88865      0.13000     20.39127      0.33984    998.01740      0.40181      9.92576      0.13077  15512.17090    558.48041     16.00000      2.00000     64.69833      3.26612 
   124.46094      4.38547      0.10144     15.81951      0.36599      0.67817      0.69027     20.52500      0.33870    997.98938      0.40182      9.89234      0.13005     20.39967      0.34000    998.01563      0.40181      9.92366      0.13077  15431.86426    557.39209     16.00000      2.00000     64.64812      3.26946 
   129.96094      4.40512      0.10116     15.89042      0.36495      0.67946      0.69027     20.53437      0.33878    997.98737      0.40183      9.89001      0.13002     20.43575      0.34005    998.00806      0.40182      9.91463      0.13063  15504.66406    558.35883     16.00000      2.00000     64.72443      3.26598 
   135.39063      4.39107      0.10139     15.83980      0.36578      0.67732      0.69027     20.55412      0.33874    997.98322      0.40183      9.88509      0.12994     20.39819      0.33996    998.01593      0.40181      9.92403      0.13077  15462.89844    558.08417     16.00000      2.00000     64.37199      3.26631 
   140.89063      4.39455      0.10137     15.85235      0.36573      0.67826      0.69027     20.55609      0.33878    997.98285      0.40183      9.88460      0.12994     20.43525      0.34001    998.00818      0.40182      9.91475      0.13062  15475.91504    558.34424     16.00000      2.00000     64.46738      3.26762 
   146.37891      4.39187      0.10140     15.84255      0.36583      0.67753      0.69027     20.50871      0.33879    997.99280      0.40182      9.89640      0.13013     20.45502      0.33992    998.00403      0.40182      9.90981      0.13053  15448.04492    557.56396     16.00000      2.00000     64.30974      3.26609 
   151.82031      4.38805      0.10152     15.82875      0.36625      0.67555      0.69027     20.50476      0.33895    997.99359      0.40182      9.89739      0.13017     20.45107      0.33991    998.00488      0.40182      9.91080      0.13054  15433.06348    557.49670     16.00000      2.00000     64.30272      3.26587 
   157.31250      4.41054      0.10106     15.90977      0.36459      0.67621      0.69027     20.47713      0.33885    997.99939      0.40181      9.90429      0.13027     20.44019      0.33987    998.00714      0.40182      9.91351      0.13058  15501.34961    557.77020     16.00000      2.00000     64.59290      3.26667 
   162.85938      4.38270      0.10155     15.80939      0.36636      0.67536      0.69027     20.49390      0.33882    997.99591      0.40182      9.90010      0.13019     20.48664      0.33998    997.99744      0.40183      9.90191      0.13041  15410.01465    557.00604     16.00000      2.00000     64.29468      3.26718 
   168.35156      4.38040      0.10162     15.80122      0.36661      0.67558      0.69027     20.53191      0.33871    997.98792      0.40182      9.89062      0.13002     20.44662      0.33994    998.00580      0.40182      9.91191      0.13057  15416.67773    557.49896     16.00000      2.00000     64.29971      3.26630 
   173.83984      4.38382      0.10153     15.81372      0.36630      0.67570      0.69027     20.57830      0.33880    997.97815      0.40184      9.87907      0.12985     20.42290      0.33982    998.01074      0.40182      9.91784      0.13064  15446.76563    558.19586     16.00000      2.00000     64.18423      3.26623 
   179.28125      4.38867      0.10141     15.83111      0.36587      0.67859      0.69027     20.54770      0.33867    997.98462      0.40183      9.88669      0.12995     20.43328      0.33994    998.00861      0.40182      9.91524      0.13062  15451.93555    557.86511     16.00000      2.00000     64.49951      3.26790 
   184.76953      4.38719      0.10144     15.82582      0.36597      0.67555      0.69027     20.55905      0.33871    997.98218      0.40183      9.88386      0.12991     20.43575      0.33995    998.00806      0.40182      9.91463      0.13061  15451.15137    557.97650     16.00000      2.00000     64.30171      3.26709 
   190.26172      4.39959      0.10121     15.87058      0.36514      0.67687      0.69027     20.57188      0.33873    997.97949      0.40183      9.88067      0.12986     20.40560      0.33985    998.01440      0.40181      9.92217      0.13072  15499.81934    558.56323     16.00000      2.00000     64.56377      3.26531 
   195.76172      4.40782      0.10109     15.90023      0.36470      0.67735      0.69027     20.55708      0.33881    997.98260      0.40183      9.88435      0.12994     20.39374      0.33989    998.01685      0.40181      9.92514      0.13077  15523.03613    558.71411     16.00000      2.00000     64.67623      3.26631 
   201.19141      4.39218      0.10135     15.84389      0.36567      0.67690      0.69027     20.57534      0.33878    997.97876      0.40184      9.87981      0.12986     20.44415      0.33994    998.00629      0.40182      9.91253      0.13058  15475.08496    558.38837     16.00000      2.00000     64.63105      3.26597 
   206.69141      4.40408      0.10115     15.88687      0.36494      0.67651      0.69027     20.59804      0.33880    997.97400      0.40184      9.87416      0.12977     20.44711      0.33997    998.00568      0.40182      9.91179      0.13057  15525.86426    559.13763     16.00000      2.00000     64.58587      3.26612 
   212.17969      4.40029      0.10116     15.87315      0.36497      0.67810      0.69027     20.58521      0.33878    997.97668      0.40184      9.87735      0.12982     20.43081      0.33995    998.00909      0.40182      9.91586      0.13063  15507.48438    558.69659     16.00000      2.00000     64.79070      3.26638 
   217.62109      4.39408      0.10136     15.85073      0.36570      0.67823      0.69027     20.57484      0.33874    997.97888      0.40184      9.87993      0.12985     20.45452      0.34001    998.00415      0.40183      9.90993      0.13055  15481.57617    558.53674     16.00000      2.00000     64.49149      3.26675 
   223.10938      4.39669      0.10128     15.86012      0.36538      0.67597      0.69027     20.56892      0.33887    997.98010      0.40184      9.88140      0.12990     20.48121      0.33978    997.99854      0.40183      9.90327      0.13040  15488.45410    558.46997     16.00000      2.00000     64.66619      3.26714 
   228.60156      4.39916      0.10127     15.86900      0.36537      0.67699      0.69027     20.56251      0.33877    997.98145      0.40183      9.88300      0.12991     20.50197      0.34000    997.99420      0.40184      9.89809      0.13035  15494.64746    558.54736     16.00000      2.00000     64.55373      3.26551 
   234.08984      4.38079      0.10156     15.80276      0.36640      0.67675      0.69027     20.57040      0.33881    997.97980      0.40184      9.88104      0.12988     20.48170      0.33982    997.99847      0.40183      9.90314      0.13040  15433.01074    557.92755     16.00000      2.00000     64.49650      3.26613 
   239.58984      4.39996      0.10124     15.87202      0.36527      0.67675      0.69027     20.59607      0.33889    997.97443      0.40184      9.87465      0.12979     20.45057      0.33993    998.00494      0.40182      9.91092      0.13055  15510.58887    559.01404     16.00000      2.00000     64.44328      3.26603 
   245.01953      4.38450      0.10151     15.81627      0.36622      0.67654      0.69027     20.60495      0.33870    997.97253      0.40184      9.87245      0.12972     20.46243      0.33994    998.00250      0.40183      9.90796      0.13050  15459.53516    558.54980     16.00000      2.00000     64.38204      3.26662 
   250.62891      4.40378      0.10116     15.88581      0.36499      0.67573      0.69027     20.60446      0.33876    997.97266      0.40184      9.87257      0.12974     20.45205      0.33993    998.00464      0.40182      9.91055      0.13054  15527.31348    559.22998     16.00000      2.00000     64.45734      3.26791 
   256.12109      4.39242      0.10132     15.84466      0.36555      0.67741      0.69027     20.55313      0.33876    997.98346      0.40183      9.88533      0.12994     20.48566      0.33992    997.99762      0.40183      9.90216      0.13040  15467.25586    558.02850     16.00000      2.00000     64.31878      3.26793 
