   151.81250      5.50717      0.08710     19.86511      0.31428      0.84412      0.69027     20.37150      0.33866    998.02148      0.40179      9.93071      0.13066     20.27218      0.33997    998.04218      0.40178      9.95567      0.13128  19304.06445    616.51581     16.00000      2.00000    101.16444      3.26960 
   151.81250      5.50717      0.08710     19.86511      0.31428      0.84412      0.69027     20.37150      0.33866    998.02148      0.40179      9.93071      0.13066     20.27218      0.33997    998.04218      0.40178      9.95567      0.13128  19304.06445    616.51581     16.00000      2.00000    101.16444      3.26960 
   157.30078      5.49085      0.08733     19.80642      0.31512      0.84282      0.69027     20.40803      0.33891    998.01385      0.40180      9.92156      0.13055     20.28305      0.34002    998.03992      0.40178      9.95293      0.13124  19264.63867    616.11969     16.00000      2.00000    100.82005      3.26980 
   162.74219      5.49590      0.08725     19.82456      0.31481      0.84406      0.69027     20.39520      0.33894    998.01654      0.40180      9.92478      0.13061     20.28404      0.33994    998.03973      0.40178      9.95268      0.13123  19276.09180    616.21173     16.00000      2.00000    100.87025      3.26909 
   168.23047      5.48920      0.08727     19.80026      0.31491      0.84349      0.69027     20.36262      0.33886    998.02338      0.40179      9.93294      0.13073     20.28997      0.33986    998.03851      0.40178      9.95119      0.13119  19236.76953    615.19641     16.00000      2.00000    100.87827      3.26796 
   173.73047      5.49520      0.08713     19.82181      0.31440      0.84192      0.69027     20.33696      0.33880    998.02869      0.40178      9.93938      0.13083     20.27860      0.33982    998.04083      0.40178      9.95405      0.13123  19245.33203    615.06909     16.00000      2.00000    100.92246      3.26755 
   179.22266      5.48994      0.08720     19.80269      0.31462      0.84059      0.69027     20.30340      0.33865    998.03571      0.40177      9.94781      0.13094     20.26575      0.33981    998.04352      0.40178      9.95728      0.13128  19210.60742    614.21149     16.00000      2.00000    100.96664      3.26839 
   184.71094      5.47949      0.08728     19.76507      0.31493      0.83993      0.69027     20.32708      0.33871    998.03076      0.40178      9.94186      0.13085     20.26378      0.33976    998.04395      0.40178      9.95778      0.13128  19185.49414    613.83984     16.00000      2.00000    100.66039      3.26910 
   190.15234      5.48241      0.08726     19.77566      0.31485      0.84114      0.69027     20.33992      0.33873    998.02808      0.40178      9.93864      0.13080     20.27465      0.34097    998.04169      0.40180      9.95505      0.13143  19201.95117    614.23981     16.00000      2.00000    100.72165      3.26757 
   195.64063      5.47120      0.08736     19.73537      0.31522      0.84023      0.69027     20.37743      0.33882    998.02026      0.40179      9.92923      0.13066     20.29293      0.33979    998.03790      0.40178      9.95045      0.13117  19180.84375    614.04260     16.00000      2.00000    100.56299      3.26951 
   201.13281      5.49970      0.08712     19.83813      0.31434      0.84327      0.69027     20.36262      0.33869    998.02338      0.40178      9.93294      0.13070     20.25439      0.33985    998.04590      0.40177      9.96015      0.13133  19273.56055    615.78491     16.00000      2.00000    100.88329      3.26980 
   206.63281      5.48752      0.08723     19.79430      0.31475      0.84210      0.69027     20.39075      0.33877    998.01746      0.40179      9.92589      0.13060     20.24006      0.33985    998.04889      0.40177      9.96376      0.13139  19244.53320    615.38232     16.00000      2.00000    100.91543      3.27099 
   212.06250      5.48298      0.08736     19.77767      0.31520      0.84264      0.69027     20.32561      0.33875    998.03107      0.40178      9.94223      0.13086     20.21041      0.33987    998.05505      0.40176      9.97124      0.13152  19197.01367    614.24835     16.00000      2.00000    100.61320      3.27002 
   217.56250      5.48616      0.08728     19.78911      0.31492      0.84162      0.69027     20.31573      0.33889    998.03314      0.40178      9.94471      0.13093     20.20448      0.33987    998.05627      0.40176      9.97273      0.13154  19203.36914    614.25189     16.00000      2.00000    100.56701      3.26785 
   222.99219      5.49058      0.08722     19.80508      0.31471      0.84349      0.69027     20.32708      0.33883    998.03076      0.40178      9.94186      0.13087     20.23512      0.33993    998.04993      0.40177      9.96500      0.13143  19224.33594    614.68390     16.00000      2.00000    100.88229      3.26827 
   228.49219      5.49515      0.08727     19.82148      0.31488      0.84147      0.69027     20.30636      0.33874    998.03510      0.40177      9.94707      0.13094     20.16544      0.33986    998.06433      0.40175      9.98259      0.13170  19230.26563    614.83105     16.00000      2.00000    100.74474      3.26976 
   233.98047      5.48680      0.08728     19.79137      0.31491      0.83879      0.69027     20.31129      0.33870    998.03406      0.40177      9.94583      0.13091     20.17631      0.33983    998.06207      0.40176      9.97984      0.13165  19203.42773    614.21033     16.00000      2.00000    100.64935      3.26844 
   239.47266      5.48000      0.08728     19.76676      0.31494      0.84219      0.69027     20.28563      0.33862    998.03943      0.40176      9.95228      0.13100     20.15951      0.33980    998.06555      0.40175      9.98409      0.13171  19167.21289    613.25836     16.00000      2.00000    100.78591      3.26802 
   244.97266      5.48838      0.08732     19.79694      0.31508      0.83981      0.69027     20.27181      0.33899    998.04230      0.40177      9.95576      0.13112     20.21140      0.33991    998.05481      0.40177      9.97099      0.13152  19189.82813    613.87671     16.00000      2.00000    100.65236      3.26914 
   250.40234      5.49237      0.08723     19.81159      0.31474      0.84252      0.69027     20.33597      0.33891    998.02893      0.40178      9.93963      0.13085     20.21387      0.34004    998.05432      0.40177      9.97036      0.13153  19234.93945    614.99030     16.00000      2.00000    100.85017      3.26858 
   255.90234      5.49015      0.08726     19.80344      0.31487      0.84282      0.69027     20.30191      0.33879    998.03601      0.40177      9.94819      0.13097     20.20892      0.34006    998.05536      0.40177      9.97161      0.13155  19210.61719    614.34216     16.00000      2.00000    100.57304      3.26957 
   261.39063      5.49001      0.08728     19.80291      0.31493      0.84291      0.69027     20.29352      0.33874    998.03778      0.40177      9.95030      0.13099     20.14567      0.33981    998.06842      0.40175      9.98759      0.13177  19206.06641    614.23114     16.00000      2.00000    100.52182      3.26914 
   266.83203      5.47942      0.08735     19.76466      0.31517      0.84180      0.69027     20.28119      0.33883    998.04034      0.40177      9.95340      0.13106     20.15259      0.33997    998.06702      0.40175      9.98584      0.13177  19163.04297    613.28418     16.00000      2.00000    100.72165      3.26849 
   272.32031      5.49185      0.08726     19.80959      0.31485      0.84023      0.69027     20.30981      0.33873    998.03436      0.40177      9.94620      0.13092     20.10070      0.33992    998.07776      0.40174      9.99897      0.13198  19220.39063    614.58655     16.00000      2.00000    100.72968      3.26833 
   277.81250      5.48665      0.08726     19.79056      0.31484      0.84273      0.69027     20.23973      0.33899    998.04895      0.40176      9.96384      0.13125     20.11701      0.33989    998.07434      0.40174      9.99484      0.13190  19168.21875    613.13824     16.00000      2.00000    100.90037      3.26859 
   283.30078      5.49009      0.08723     19.80277      0.31473      0.84261      0.69027     20.19827      0.33875    998.05756      0.40175      9.97430      0.13138     20.10120      0.33973    998.07764      0.40174      9.99885      0.13194  19160.09961    612.72327     16.00000      2.00000    100.92747      3.27136 
   288.80078      5.48367      0.08732     19.77989      0.31508      0.84114      0.69027     20.26441      0.33881    998.04382      0.40176      9.95762      0.13112     20.07402      0.33979    998.08325      0.40173     10.00574      0.13206  19169.74609    613.34528     16.00000      2.00000    100.68248      3.27209 
   294.23047      5.49220      0.08718     19.81085      0.31456      0.84090      0.69027     20.30340      0.33877    998.03571      0.40177      9.94781      0.13096     20.09922      0.33972    998.07806      0.40174      9.99935      0.13195  19218.51953    614.38495     16.00000      2.00000    101.15842      3.26866 
   299.73047      5.49229      0.08719     19.81091      0.31461      0.84081      0.69027     20.24417      0.33873    998.04803      0.40176      9.96272      0.13119     20.11948      0.33988    998.07385      0.40174      9.99422      0.13189  19190.06055    613.53345     16.00000      2.00000    101.10721      3.26904 
   305.22266      5.49415      0.08719     19.81770      0.31459      0.84144      0.69027     20.26490      0.33867    998.04370      0.40176      9.95750      0.13110     20.13183      0.33983    998.07129      0.40175      9.99109      0.13183  19206.61719    613.98016     16.00000      2.00000    101.02487      3.26881 
   310.66016      5.50308      0.08709     19.84992      0.31424      0.84204      0.69027     20.26194      0.33874    998.04431      0.40176      9.95825      0.13112     20.11602      0.33971    998.07458      0.40174      9.99509      0.13188  19236.41797    614.52570     16.00000      2.00000    101.37630      3.26892 
   316.15234      5.49430      0.08720     19.81805      0.31465      0.84210      0.69027     20.21505      0.33872    998.05408      0.40175      9.97006      0.13131     20.10812      0.33982    998.07617      0.40174      9.99710      0.13193  19182.95898    613.28265     16.00000      2.00000    100.98973      3.26841 
   321.64063      5.48263      0.08730     19.77605      0.31501      0.84002      0.69027     20.23924      0.33870    998.04907      0.40175      9.96397      0.13121     20.13431      0.33979    998.07080      0.40175      9.99047      0.13181  19153.92383    612.83319     16.00000      2.00000    100.37624      3.26732 
   327.08203      5.47171      0.08735     19.73667      0.31517      0.83936      0.69027     20.24170      0.33866    998.04852      0.40175      9.96334      0.13119     20.11800      0.33972    998.07416      0.40174      9.99459      0.13187  19116.96094    612.02545     16.00000      2.00000    100.52383      3.26937 
   332.57031      5.49466      0.08722     19.81946      0.31469      0.84412      0.69027     20.24713      0.33863    998.04742      0.40175      9.96198      0.13116     20.10515      0.33982    998.07684      0.40174      9.99785      0.13194  19199.77344    613.80151     16.00000      2.00000    101.44459      3.26889 
   338.06250      5.48795      0.08722     19.79518      0.31471      0.84069      0.69027     20.22640      0.33862    998.05170      0.40175      9.96720      0.13125     20.11652      0.33982    998.07446      0.40174      9.99497      0.13189  19166.27539    612.93317     16.00000      2.00000    100.64835      3.27151 
