   107.16016      6.59123      0.08139     23.77376      0.29371      1.04603      0.69027     20.02257      0.33863    998.09381      0.40170     10.01880      0.13208     19.93466      0.33987    998.11188      0.40170     10.04119      0.13265  22900.86719    695.74707     16.00000      2.00000    145.43124      3.27188 
   107.16016      6.59123      0.08139     23.77376      0.29371      1.04603      0.69027     20.02257      0.33863    998.09381      0.40170     10.01880      0.13208     19.93466      0.33987    998.11188      0.40170     10.04119      0.13265  22900.86719    695.74707     16.00000      2.00000    145.43124      3.27188 
   112.65234      6.58701      0.08137     23.75879      0.29366      1.04660      0.69027     20.07735      0.33891    998.08252      0.40172     10.00489      0.13190     19.94850      0.33985    998.10907      0.40170     10.03766      0.13259  22917.99805    696.32886     16.00000      2.00000    145.48747      3.27376 
   118.14063      6.60390      0.08137     23.81977      0.29364      1.04834      0.69027     20.09068      0.33869    998.07977      0.40172     10.00152      0.13181     19.94652      0.33990    998.10950      0.40170     10.03816      0.13261  22984.51758    697.99902     16.00000      2.00000    146.29976      3.27219 
   123.58203      6.61581      0.08139     23.86246      0.29371      1.04952      0.69027     20.03540      0.33875    998.09119      0.40171     10.01554      0.13205     19.92923      0.33988    998.11304      0.40170     10.04257      0.13267  22993.72852    698.15021     16.00000      2.00000    146.00557      3.27327 
   129.07031      6.62515      0.08128     23.89606      0.29331      1.05130      0.69027     20.01517      0.33873    998.09534      0.40170     10.02069      0.13213     19.92429      0.33980    998.11401      0.40170     10.04383      0.13268  23014.38672    698.47260     16.00000      2.00000    146.52167      3.27176 
   134.55859      6.60067      0.08140     23.80804      0.29375      1.04925      0.69027     20.07489      0.33879    998.08307      0.40172     10.00552      0.13189     19.89859      0.34002    998.11932      0.40169     10.05039      0.13282  22964.08203    697.50421     16.00000      2.00000    146.02766      3.27539 
   140.00000      6.61518      0.08136     23.86039      0.29360      1.05018      0.69027     20.07785      0.33867    998.08246      0.40172     10.00477      0.13186     19.90156      0.33989    998.11871      0.40169     10.04963      0.13279  23016.29102    698.75879     16.00000      2.00000    145.91219      3.27752 
   145.49219      6.59211      0.08140     23.77715      0.29375      1.04479      0.69027     20.07044      0.33889    998.08398      0.40172     10.00665      0.13193     19.93763      0.33970    998.11127      0.40170     10.04043      0.13261  22931.72852    696.69342     16.00000      2.00000    145.66118      3.27392 
   150.99219      6.60203      0.08135     23.81280      0.29357      1.04801      0.69027     20.03984      0.33873    998.09027      0.40171     10.01441      0.13203     19.95394      0.33990    998.10797      0.40170     10.03627      0.13258  22948.43750    696.95264     16.00000      2.00000    145.51558      3.27485 
   156.42188      6.59960      0.08139     23.80417      0.29373      1.04847      0.69027     20.07094      0.33885    998.08386      0.40172     10.00652      0.13192     19.95147      0.33988    998.10846      0.40170     10.03690      0.13258  22958.07227    697.34601     16.00000      2.00000    145.77063      3.27423 
   161.92188      6.60322      0.08134     23.81716      0.29354      1.04813      0.69027     20.05909      0.33879    998.08630      0.40171     10.00953      0.13196     19.94603      0.33971    998.10956      0.40170     10.03829      0.13258  22963.75586    697.38184     16.00000      2.00000    145.92725      3.27142 
   167.41016      6.59708      0.08139     23.79504      0.29374      1.04672      0.69027     20.06354      0.33880    998.08539      0.40171     10.00840      0.13194     19.94207      0.33994    998.11035      0.40170     10.03930      0.13263  22944.99805    696.99481     16.00000      2.00000    145.50856      3.27235 
   172.85156      6.58974      0.08140     23.76852      0.29375      1.04807      0.69027     20.04972      0.33877    998.08826      0.40171     10.01191      0.13199     19.94850      0.33984    998.10907      0.40170     10.03766      0.13259  22911.45898    696.11383     16.00000      2.00000    145.71640      3.27180 
   178.33984      6.60188      0.08138     23.81253      0.29368      1.04880      0.69027     20.09414      0.33872    998.07910      0.40172     10.00064      0.13180     19.92676      0.33976    998.11353      0.40170     10.04320      0.13266  22979.53125    697.90112     16.00000      2.00000    146.16925      3.27900 
   183.83203      6.61844      0.08135     23.87222      0.29358      1.05102      0.69027     20.08673      0.33874    998.08063      0.40172     10.00252      0.13184     19.92379      0.34007    998.11414      0.40170     10.04396      0.13273  23032.85156    699.20215     16.00000      2.00000    146.43332      3.27247 
   189.26953      6.62344      0.08128     23.89011      0.29333      1.04952      0.69027     20.05712      0.33877    998.08673      0.40171     10.01003      0.13196     19.90007      0.33974    998.11902      0.40169     10.05001      0.13277  23032.95117    699.04889     16.00000      2.00000    146.47949      3.27353 
   194.76172      6.60878      0.08136     23.83702      0.29363      1.04828      0.69027     20.01714      0.33898    998.09497      0.40171     10.02018      0.13216     19.94109      0.33980    998.11060      0.40170     10.03955      0.13261  22958.66406    697.22845     16.00000      2.00000    145.64211      3.27470 
   200.19922      6.61072      0.08130     23.84412      0.29341      1.04985      0.69027     20.03787      0.33880    998.09070      0.40171     10.01492      0.13205     19.94356      0.33986    998.11005      0.40170     10.03892      0.13261  22977.48828    697.63611     16.00000      2.00000    146.05476      3.27234 
   205.69141      6.59445      0.08140     23.78528      0.29377      1.04765      0.69027     20.00776      0.33879    998.09686      0.40170     10.02257      0.13217     19.93911      0.33988    998.11096      0.40170     10.04005      0.13263  22903.42578    695.83112     16.00000      2.00000    145.81882      3.27381 
   211.17969      6.60639      0.08133     23.82843      0.29351      1.04886      0.69027     20.02652      0.33870    998.09302      0.40170     10.01780      0.13208     19.91737      0.33994    998.11542      0.40170     10.04560      0.13273  22955.80469    697.08173     16.00000      2.00000    146.06381      3.27332 
   216.62109      6.60636      0.08134     23.82828      0.29354      1.04943      0.69027     20.01418      0.33880    998.09558      0.40170     10.02094      0.13215     19.93170      0.33998    998.11249      0.40170     10.04194      0.13268  22948.53320    696.90204     16.00000      2.00000    146.06482      3.27122 
   222.10938      6.61437      0.08128     23.85725      0.29333      1.05178      0.69027     20.03047      0.33880    998.09222      0.40171     10.01680      0.13208     19.91638      0.33995    998.11566      0.40170     10.04585      0.13274  22985.85938    697.80145     16.00000      2.00000    146.17627      3.27247 
   227.55078      6.62402      0.08135     23.89211      0.29357      1.05292      0.69027     20.04626      0.33885    998.08899      0.40171     10.01278      0.13202     19.90748      0.33996    998.11749      0.40169     10.04812      0.13278  23028.59570    699.01917     16.00000      2.00000    146.68835      3.27260 
   233.05078      6.61530      0.08136     23.86071      0.29361      1.05133      0.69027     20.04922      0.33874    998.08838      0.40171     10.01203      0.13199     19.88426      0.33993    998.12225      0.40169     10.05405      0.13287  23000.03711    698.30115     16.00000      2.00000    146.26865      3.27278 
   238.53906      6.61459      0.08131     23.85801      0.29343      1.04997      0.69027     20.02751      0.33868    998.09283      0.40170     10.01755      0.13207     19.90600      0.34002    998.11780      0.40169     10.04850      0.13279  22984.87695    697.78790     16.00000      2.00000    146.08490      3.27287 
   243.98047      6.60354      0.08139     23.81794      0.29372      1.04991      0.69027     19.98457      0.33874    998.10168      0.40169     10.02847      0.13226     19.93071      0.33994    998.11273      0.40170     10.04219      0.13268  22921.49219    696.21295     16.00000      2.00000    146.15820      3.27271 
   249.46875      6.60768      0.08133     23.83288      0.29350      1.04744      0.69027     19.97815      0.33873    998.10297      0.40169     10.03010      0.13228     19.95344      0.33981    998.10803      0.40170     10.03640      0.13256  22932.15820    696.38416     16.00000      2.00000    145.73146      3.27139 
   254.96094      6.61215      0.08135     23.84893      0.29358      1.04810      0.69027     19.96532      0.33866    998.10559      0.40169     10.03337      0.13232     19.96135      0.33982    998.10645      0.40171     10.03438      0.13253  22940.18750    696.57733     16.00000      2.00000    146.07587      3.27392 
   260.40234      6.61058      0.08131     23.84350      0.29344      1.04913      0.69027     20.01221      0.33884    998.09595      0.40170     10.02144      0.13216     19.91094      0.33976    998.11676      0.40169     10.04724      0.13273  22962.05664    697.20972     16.00000      2.00000    146.16321      3.27495 
   265.89063      6.62399      0.08134     23.89188      0.29353      1.04892      0.69027     20.01468      0.33878    998.09546      0.40170     10.02081      0.13214     19.91934      0.33991    998.11505      0.40170     10.04509      0.13272  23010.07617    698.45605     16.00000      2.00000    145.94533      3.27222 
   271.33203      6.61913      0.08134     23.87431      0.29354      1.05151      0.69027     20.00776      0.33871    998.09686      0.40170     10.02257      0.13216     19.91984      0.33984    998.11493      0.40170     10.04497      0.13271  22989.15430    697.90118     16.00000      2.00000    146.35701      3.27477 
   276.82031      6.59899      0.08137     23.80161      0.29363      1.04937      0.69027     20.00085      0.33874    998.09833      0.40170     10.02433      0.13219     19.91094      0.33977    998.11676      0.40169     10.04724      0.13273  22915.17188    696.05194     16.00000      2.00000    146.11200      3.27305 
   282.30859      6.59256      0.08145     23.77844      0.29392      1.04847      0.69027     20.00530      0.33865    998.09741      0.40170     10.02320      0.13216     19.90501      0.33980    998.11798      0.40169     10.04875      0.13276  22895.41992    695.65729     16.00000      2.00000    145.26157      3.27138 
   287.75000      6.60507      0.08140     23.82365      0.29374      1.04934      0.69027     20.01665      0.33872    998.09503      0.40170     10.02031      0.13212     19.94257      0.33987    998.11029      0.40170     10.03917      0.13262  22945.50195    696.89673     16.00000      2.00000    146.16121      3.27238 
