  1260.58984      2.99316      0.14304     10.79817      0.51605      0.51694      0.69027     21.00768      0.33895    997.88696      0.40195      9.77317      0.12816     20.81625      0.33975    997.92780      0.40191      9.82016      0.12905  10660.92578    589.00824     16.00000      2.00000     29.42404      3.26452 
  1260.58984      2.99316      0.14304     10.79817      0.51605      0.51694      0.69027     21.00768      0.33895    997.88696      0.40195      9.77317      0.12816     20.81625      0.33975    997.92780      0.40191      9.82016      0.12905  10660.92578    589.00824     16.00000      2.00000     29.42404      3.26452 
  1266.08984      3.00118      0.14269     10.82711      0.51479      0.51290      0.69027     21.00817      0.33900    997.88690      0.40195      9.77305      0.12816     20.81082      0.33983    997.92896      0.40191      9.82150      0.12908  10689.62598    588.33527     16.00000      2.00000     29.32364      3.26511 
  1271.58203      2.99252      0.14298     10.79597      0.51584      0.51595      0.69027     21.03927      0.33897    997.88025      0.40195      9.76545      0.12803     20.79994      0.33982    997.93127      0.40191      9.82418      0.12912  10667.10352    589.25067     16.00000      2.00000     29.49533      3.26478 
  1277.01953      2.99711      0.14283     10.81250      0.51529      0.51537      0.69027     21.03729      0.33897    997.88062      0.40195      9.76593      0.12804     20.77375      0.33993    997.93683      0.40190      9.83064      0.12925  10682.91406    588.98083     16.00000      2.00000     29.43910      3.26479 
  1282.51172      2.99464      0.14291     10.80360      0.51558      0.51447      0.69027     21.03285      0.33897    997.88159      0.40195      9.76701      0.12806     20.84146      0.33988    997.92249      0.40192      9.81395      0.12897  10672.94531    589.04083     16.00000      2.00000     29.46823      3.26500 
  1287.94922      2.99187      0.14313     10.79348      0.51639      0.51405      0.69027     20.97856      0.33884    997.89319      0.40194      9.78029      0.12825     20.80192      0.33993    997.93085      0.40191      9.82369      0.12913  10648.58691    588.80469     16.00000      2.00000     29.45919      3.26455 
  1293.44141      3.00574      0.14246     10.84346      0.51395      0.51652      0.69027     20.96524      0.33893    997.89606      0.40193      9.78356      0.12832     20.79402      0.33985    997.93256      0.40191      9.82564      0.12915  10694.36523    587.22327     16.00000      2.00000     29.39794      3.26443 
  1298.92969      2.99949      0.14281     10.82107      0.51521      0.51471      0.69027     21.02150      0.33907    997.88403      0.40195      9.76979      0.12812     20.76980      0.33986    997.93768      0.40190      9.83162      0.12925  10687.19531    588.80811     16.00000      2.00000     29.35376      3.26470 
  1304.37109      2.99946      0.14269     10.82090      0.51481      0.51637      0.69027     21.00472      0.33895    997.88763      0.40194      9.77389      0.12817     20.80242      0.33983    997.93079      0.40191      9.82357      0.12911  10682.57422    588.21448     16.00000      2.00000     29.54755      3.26448 
  1309.85938      2.99990      0.14273     10.82240      0.51492      0.51652      0.69027     20.95438      0.33892    997.89838      0.40193      9.78622      0.12836     20.78759      0.33982    997.93390      0.40190      9.82723      0.12917  10670.71777    587.60828     16.00000      2.00000     29.58169      3.26553 
  1315.30078      3.00206      0.14252     10.83026      0.51416      0.51516      0.69027     20.98646      0.33908    997.89154      0.40194      9.77836      0.12826     20.79352      0.33990    997.93268      0.40191      9.82577      0.12916  10686.97168    587.53650     16.00000      2.00000     29.47827      3.26457 
  1320.78906      2.99686      0.14284     10.81142      0.51532      0.51456      0.69027     20.95981      0.33894    997.89722      0.40193      9.78489      0.12834     20.80242      0.34006    997.93079      0.40191      9.82357      0.12915  10661.32422    587.87653     16.00000      2.00000     29.46320      3.26486 
  1326.23047      2.99625      0.14281     10.80926      0.51522      0.51616      0.69027     20.98152      0.33894    997.89258      0.40194      9.77957      0.12826     20.76931      0.33992    997.93781      0.40190      9.83174      0.12926  10664.94629    588.07361     16.00000      2.00000     29.51943      3.26475 
  1331.71875      2.99383      0.14295     10.80059      0.51573      0.51531      0.69027     21.00275      0.33898    997.88806      0.40194      9.77437      0.12818     20.79649      0.33989    997.93201      0.40191      9.82503      0.12915  10662.00879    588.69812     16.00000      2.00000     29.57968      3.26492 
  1337.21094      3.00465      0.14254     10.83964      0.51426      0.51504      0.69027     21.00373      0.33902    997.88782      0.40195      9.77413      0.12818     20.79748      0.33988    997.93182      0.40191      9.82479      0.12914  10700.81543    587.99634     16.00000      2.00000     29.45015      3.26458 
  1342.64844      2.99967      0.14276     10.82168      0.51505      0.51372      0.69027     21.00324      0.33896    997.88794      0.40194      9.77425      0.12818     20.79945      0.33987    997.93140      0.40191      9.82430      0.12913  10682.95898    588.40771     16.00000      2.00000     29.44011      3.26461 
  1348.14063      2.99685      0.14285     10.81148      0.51536      0.51441      0.69027     20.99386      0.33900    997.88995      0.40194      9.77655      0.12822     20.80687      0.33991    997.92981      0.40191      9.82248      0.12911  10670.39941    588.40326     16.00000      2.00000     29.50537      3.26475 
  1353.64063      2.99924      0.14280     10.82009      0.51518      0.51555      0.69027     20.99781      0.33904    997.88910      0.40194      9.77558      0.12821     20.80489      0.34000    997.93024      0.40191      9.82296      0.12913  10679.94531    588.42542     16.00000      2.00000     29.65298      3.26527 
  1359.07031      2.98951      0.14314     10.78502      0.51641      0.51534      0.69027     21.00817      0.33901    997.88690      0.40195      9.77305      0.12816     20.77919      0.33991    997.93567      0.40190      9.82930      0.12922  10648.07031    589.14362     16.00000      2.00000     29.45417      3.26515 
  1364.57031      2.98861      0.14327     10.78178      0.51690      0.51375      0.69027     21.01212      0.33894    997.88605      0.40195      9.77208      0.12814     20.80637      0.33994    997.92993      0.40191      9.82260      0.12911  10645.91504    589.56665     16.00000      2.00000     29.27444      3.26532 
  1370.00000      2.98973      0.14318     10.78584      0.51656      0.51408      0.69027     21.01508      0.33901    997.88538      0.40195      9.77136      0.12814     20.77524      0.33987    997.93652      0.40190      9.83028      0.12923  10650.70215    589.38141     16.00000      2.00000     29.47224      3.26477 
  1375.50000      2.98434      0.14341     10.76634      0.51738      0.51489      0.69027     20.99732      0.33909    997.88922      0.40195      9.77570      0.12822     20.74064      0.33993    997.94385      0.40189      9.83882      0.12938  10626.76074    589.56317     16.00000      2.00000     29.37384      3.26463 
  1380.92969      2.98869      0.14320     10.78197      0.51663      0.51628      0.69027     20.97313      0.33903    997.89435      0.40194      9.78162      0.12831     20.74114      0.34001    997.94379      0.40190      9.83870      0.12939  10635.80371    588.78583     16.00000      2.00000     29.49232      3.26431 
  1386.42969      2.99146      0.14308     10.79211      0.51621      0.51525      0.69027     21.02742      0.33902    997.88275      0.40195      9.76834      0.12809     20.77919      0.33999    997.93567      0.40191      9.82930      0.12923  10660.16113    589.34583     16.00000      2.00000     29.33769      3.26455 
  1391.92188      3.00207      0.14263     10.83037      0.51456      0.51670      0.69027     21.01854      0.33896    997.88464      0.40195      9.77051      0.12811     20.78562      0.33992    997.93433      0.40191      9.82772      0.12920  10695.58887    588.33722     16.00000      2.00000     29.59474      3.26428 
  1397.35938      2.99645      0.14284     10.80988      0.51533      0.51486      0.69027     20.92970      0.33882    997.90369      0.40192      9.79227      0.12844     20.77968      0.33978    997.93561      0.40190      9.82918      0.12920  10651.84180    587.42139     16.00000      2.00000     29.57064      3.26431 
  1402.85156      3.00836      0.14224     10.85277      0.51314      0.51649      0.69027     20.90108      0.33891    997.90979      0.40192      9.79929      0.12857     20.76733      0.34001    997.93823      0.40190      9.83223      0.12928  10686.50293    585.74194     16.00000      2.00000     29.63289      3.26461 
  1408.33984      2.99061      0.14313     10.78882      0.51636      0.51510      0.69027     20.92921      0.33888    997.90375      0.40192      9.79239      0.12846     20.76486      0.33993    997.93872      0.40190      9.83284      0.12928  10630.95605    588.00848     16.00000      2.00000     29.50537      3.26446 
  1413.83984      2.99720      0.14277     10.81264      0.51507      0.51643      0.69027     20.95092      0.33897    997.89911      0.40193      9.78706      0.12838     20.69419      0.33985    997.95367      0.40188      9.85031      0.12955  10660.17578    587.55469     16.00000      2.00000     29.51140      3.26466 
  1419.33203      2.99153      0.14303     10.79220      0.51602      0.51540      0.69027     20.95389      0.33895    997.89850      0.40193      9.78634      0.12837     20.71890      0.33997    997.94849      0.40189      9.84420      0.12947  10640.81055    588.12494     16.00000      2.00000     29.61984      3.26463 
  1424.76953      3.00973      0.14224     10.85776      0.51317      0.51450      0.69027     20.92329      0.33898    997.90503      0.40192      9.79384      0.12850     20.70457      0.33997    997.95148      0.40189      9.84774      0.12953  10697.31738    586.15924     16.00000      2.00000     29.68109      3.26438 
  1430.26172      2.99931      0.14269     10.82016      0.51477      0.51411      0.69027     20.91539      0.33880    997.90674      0.40192      9.79578      0.12850     20.74213      0.33986    997.94354      0.40189      9.83845      0.12936  10658.18359    586.87799     16.00000      2.00000     29.55056      3.26505 
  1435.75000      2.98351      0.14340     10.76320      0.51736      0.51592      0.69027     20.93217      0.33896    997.90314      0.40193      9.79166      0.12846     20.70507      0.33993    997.95142      0.40189      9.84762      0.12952  10606.49512    588.55243     16.00000      2.00000     29.54152      3.26540 
  1441.19141      2.99633      0.14282     10.80948      0.51524      0.51429      0.69027     20.95191      0.33894    997.89893      0.40193      9.78682      0.12838     20.70111      0.33992    997.95221      0.40188      9.84860      0.12953  10657.32813    587.66888     16.00000      2.00000     29.47525      3.26451 
